1111111000100010001111111
1000001001000100001000001
1011101010010001001011101
1011101001001100101011101
1011101001001100101011101
1000001000111011101000001
1111111010101010101111111
0000000010010001000000000
1110111110001000111000100
0111000011011101110011110
0100101110111011101001111
0000110001101110100011000
0010101010110011001010011
0101010111110011000101010
1001101011000100010110111
0101100010110001011100010
1010101100001000111110100
0000000011111101100011110
1111111010011010101011111
1000001010001110100010010
1011101011110011111111100
1011101000110011101110010
1011101011100101001010101
1000001010010000010111010
1111111011101000111011011
